4
0 0 14 15 5 8 1 0 6 13 3 9 0 0 16 10
5 0 0 0 14 0 0 0 15 10 0 0 9 0 0 13
0 3 0 9 0 0 0 0 0 11 14 5 0 0 0 6
11 10 0 7 15 0 0 6 0 0 0 0 0 5 8 0
0 12 0 11 0 1 0 10 4 0 7 0 0 16 13 15
1 8 15 0 0 0 14 2 10 0 5 3 0 0 4 0
0 0 7 16 3 0 0 0 14 15 12 0 2 11 0 0
4 0 0 0 0 0 0 7 0 0 0 1 0 0 0 0
0 0 0 0 6 0 0 0 5 0 0 0 0 0 0 9
0 0 11 13 0 5 15 9 0 0 0 16 6 8 0 0
0 9 0 0 1 12 0 3 13 4 0 0 0 7 14 2
6 14 5 0 0 16 0 4 1 0 10 0 11 0 15 0
0 6 8 0 0 0 0 0 2 0 0 11 13 0 3 16
3 0 0 0 13 6 11 0 0 0 0 0 10 0 5 0
16 0 0 5 0 0 4 15 0 0 0 12 0 0 0 8
13 15 0 0 8 2 7 5 0 3 6 10 4 1 0 0